100 100
1 2
1 3
1 4
1 5
1 6
1 7
1 8
1 9
1 10
1 11
1 12
1 13
1 14
1 15
1 16
1 17
1 18
1 19
1 20
1 21
1 22
1 23
1 24
1 25
1 26
1 27
1 28
1 29
1 30
1 31
1 32
1 33
1 34
1 35
1 36
1 37
1 38
1 39
1 40
1 41
1 42
1 43
1 44
1 45
1 46
1 47
1 48
1 49
1 50
1 51
1 52
1 53
1 54
1 55
1 56
1 57
1 58
1 59
1 60
1 61
1 62
1 63
1 64
1 65
1 66
1 67
1 68
1 69
1 70
1 71
1 72
1 73
1 74
1 75
1 76
1 77
1 78
1 79
1 80
1 81
1 82
1 83
1 84
1 85
1 86
1 87
1 88
1 89
1 90
1 91
1 92
1 93
1 94
1 95
1 96
1 97
1 98
1 99
1 100
98 22 0
90 76 1
65 83 2
95 60 3
40 51 4
30 14 5
78 55 6
31 11 7
79 59 8
42 33 9
71 52 10
26 14 11
36 59 12
2 94 13
59 65 14
97 13 15
82 78 16
47 49 17
34 65 18
38 21 19
55 17 20
99 98 21
37 84 22
17 12 23
76 12 24
73 99 25
10 64 26
4 97 27
96 82 28
9 43 29
62 58 30
95 4 31
64 72 32
99 40 33
56 90 34
23 56 35
84 29 36
95 30 37
37 40 38
45 30 39
87 1 40
53 42 41
87 83 42
82 100 43
51 91 44
92 83 45
64 1 46
48 30 47
49 37 48
37 88 49
43 29 50
3 33 51
84 19 52
81 23 53
72 34 54
33 23 55
98 28 56
31 54 57
57 1 58
69 56 59
57 67 60
19 22 61
11 12 62
36 5 63
95 18 64
76 27 65
2 52 66
27 94 67
83 78 68
33 11 69
28 29 70
98 92 71
50 47 72
24 75 73
61 17 74
26 22 75
49 62 76
26 31 77
3 81 78
95 84 79
7 84 80
96 95 81
27 37 82
53 34 83
97 49 84
22 1 85
37 80 86
32 80 87
78 57 88
50 39 89
8 69 90
65 34 91
41 68 92
86 65 93
71 40 94
70 58 95
9 81 96
83 34 97
15 82 98
90 60 99
