20 20 20
1 2 3 4 5 6 7 8 9 10 1 2 3 4 5 6 7 8 9
1 2 3 4 5 6 7 8 9 10 1 2 3 4 5 6 7 8 9
1 2 3 1 5 6 7 8 9 10 1 2 3 4 5 6 7 8 9
100 100 100 100 100 6 7 8 9 10 1 2 3 4 5 6 7 8 9
1 2 3 4 5 6 7 8 9 10 1 2 3 4 5 6 7 8 9
1 2 3 4 5 6 7 8 9 10 1 2 3 4 5 6 7 8 9
1 2 3 1 5 6 7 8 9 10 1 2 3 4 5 6 7 8 9
1 2 3 1 5 6 7 8 9 10 1 2 3 4 5 6 7 8 9
1 2 3 4 5 6 7 8 9 10 1 2 3 4 5 6 7 8 9
1 2 3 4 5 6 7 8 9 10 1 2 3 4 5 6 7 8 9
1 2 3 1 5 6 7 8 9 10 1 2 3 4 5 6 7 8 9
1 2 3 1 5 6 7 8 9 10 1 2 3 4 5 6 7 8 9
1 2 3 4 5 6 7 8 9 10 1 2 3 4 5 6 7 8 9
1 2 3 4 5 6 7 8 9 10 1 2 3 4 5 6 7 8 9
1 2 3 1 5 6 7 8 9 10 1 2 3 4 5 6 7 8 9
1 2 3 1 5 6 7 8 9 10 1 2 3 4 5 6 7 8 9
1 2 3 4 5 6 7 8 9 10 1 2 3 4 5 6 7 8 9
1 2 3 4 5 6 7 8 9 10 1 2 3 4 5 6 7 8 9
1 2 3 1 5 6 7 8 9 10 1 2 3 4 5 6 7 8 9
1 2 3 1 5 6 7 8 9 10 1 2 3 4 5 6 7 8 9
1 2 3 4 5 6 7 8 9 10 1 2 3 4 5 6 7 8 9 10
1 2 1 4 5 6 7 8 9 10 1 2 3 4 5 6 7 8 9 10
1 2 3 4 5 6 7 8 9 10 1 2 3 4 5 6 7 8 9 10
1 1 1 4 5 6 7 8 9 10 1 2 3 4 5 6 7 8 9 10
1 2 3 4 5 6 7 8 9 10 1 2 3 4 5 6 7 8 9 10
1 2 1 4 5 6 7 8 9 10 1 2 3 4 5 6 7 8 9 10
1 2 3 4 5 6 7 8 9 10 1 2 3 4 5 6 7 8 9 10
1 1 1 4 5 6 7 8 9 10 1 2 3 4 5 6 7 8 9 10
1 2 3 4 5 6 7 8 9 10 1 2 3 4 5 6 7 8 9 10
1 2 1 4 5 6 7 8 9 10 1 2 3 4 5 6 7 8 9 10
1 2 3 4 5 6 7 8 9 10 1 2 3 4 5 6 7 8 9 10
1 1 1 4 5 6 7 8 9 10 1 2 3 4 5 6 7 8 9 10
1 2 3 4 5 6 7 8 9 10 1 2 3 4 5 6 7 8 9 10
1 2 1 4 5 6 7 8 9 10 1 2 3 4 5 6 7 8 9 10
1 2 3 4 5 6 7 8 9 10 1 2 3 4 5 6 7 8 9 10
1 1 1 4 5 6 7 8 9 10 1 2 3 4 5 6 7 8 9 10
1 2 3 4 5 6 7 8 9 10 1 2 3 4 5 6 7 8 9 10
1 2 1 4 5 6 7 8 9 10 1 2 3 4 5 6 7 8 9 10
1 2 3 4 5 6 7 8 9 10 1 2 3 4 5 6 7 8 9 10